timestamps:
  login: 1356725511497
  logout: 1356725497596
  lastteleport: 1356725814202
ipAddress: 86.178.76.253
lastlocation:
  world: world
  x: 728.718388273122
  y: 61.76636799395752
  z: 198.6373062876733
  yaw: -17.92777
  pitch: 55.199997
afk: false
