timestamps:
  login: 1356725365156
  logout: 1356725347596
ipAddress: 86.178.76.253
lastlocation:
  world: world
  x: 715.132458728868
  y: 63.0
  z: 182.30000001192093
  yaw: 52.122345
  pitch: 42.599987
afk: false
