timestamps:
  login: 1356724991869
  logout: 1356724962596
ipAddress: 86.178.76.253
lastlocation:
  world: world
  x: 714.488292474241
  y: 65.0
  z: 170.39480429154457
  yaw: 141.6725
  pitch: 28.049952
afk: false
