timestamps:
  login: 1356724991869
  logout: 1356725222596
ipAddress: 86.178.76.253
lastlocation:
  world: world
  x: 710.9364329243876
  y: 64.0
  z: 183.6994023717718
  yaw: 346.27234
  pitch: 2.3999875
afk: false
