timestamps:
  login: 1356718357482
  logout: 1356718344133
ipAddress: 86.178.76.253
lastlocation:
  world: world
  x: 369.0554089779334
  y: 62.0
  z: 123.08862979015889
  yaw: 299.2031
  pitch: 0.29996377
