lastlocation:
  world: world
  x: 715.0604474428307
  y: 67.0
  z: 256.9092790436341
  yaw: -226.65097
  pitch: 49.799942
timestamps:
  logout: 1356726362596
  login: 1356726542296
  lastteleport: 1356726825172
ipAddress: 10.0.1.34
afk: false
