lastlocation:
  world: world
  x: -12.731467164365704
  y: 64.0
  z: 164.48877991006373
  yaw: -156.00621
  pitch: -14.099972
timestamps:
  logout: 1356726892623
  login: 1356726908034
  lastteleport: 1356726825172
ipAddress: 10.0.1.34
afk: false
