lastlocation:
  world: world
  x: -14.3056422257999
  y: 65.0
  z: 169.35532323949337
  yaw: 74.84419
  pitch: -28.050035
timestamps:
  logout: 1356653992555
  login: 1356638757562
ipAddress: 10.0.1.34
afk: true
