lastlocation:
  world: world
  x: -69.33810654797261
  y: 82.85046253546543
  z: 175.06878130173007
  yaw: 15.444552
  pitch: 47.250004
timestamps:
  logout: 1356723887597
  login: 1356723894696
  lastteleport: 1356723362520
ipAddress: 10.0.1.34
afk: false
