lastlocation:
  world: world
  x: -8.553766486443635
  y: 64.0
  z: 169.15566060001296
  yaw: -79.65585
  pitch: -21.150003
timestamps:
  logout: 1356726892623
  login: 1356726908034
  lastteleport: 1356726825172
ipAddress: 10.0.1.34
afk: true
