lastlocation:
  world: world
  x: -7.300000011920955
  y: 65.0
  z: 176.69999998807907
  yaw: -229.8059
  pitch: 11.249992
timestamps:
  logout: 1356718639516
  login: 1356721722186
  lastteleport: 1356723362520
ipAddress: 10.0.1.34
afk: false
