lastlocation:
  world: world
  x: 717.5
  y: 65.0
  z: 176.5
  yaw: -254.77765
  pitch: -10.949989
timestamps:
  logout: 1356723887597
  login: 1356723894696
  lastteleport: 1356725800657
ipAddress: 10.0.1.34
afk: false
