lastlocation:
  world: world
  x: -7.300000011920955
  y: 65.0
  z: 176.69999998807907
  yaw: -220.8059
  pitch: 9.299992
timestamps:
  logout: 1356723887597
  login: 1356723894696
  lastteleport: 1356725376662
ipAddress: 10.0.1.34
afk: false
