lastlocation:
  world: world
  x: 507.42655945628394
  y: 79.0
  z: 170.59787751336196
  yaw: -350.92853
  pitch: 44.250042
timestamps:
  logout: 1356718639516
  login: 1356721722186
  lastteleport: 1356718527047
ipAddress: 10.0.1.34
afk: false
