lastlocation:
  world: world
  x: 720.6304446005688
  y: 72.45087525639063
  z: 283.7917797434691
  yaw: 255.9682
  pitch: 20.249966
timestamps:
  logout: 1356723887597
  login: 1356723894696
  lastteleport: 1356725376662
ipAddress: 10.0.1.34
afk: false
