lastlocation:
  world: world
  x: -28.878884319413224
  y: 68.0
  z: 158.4435478385795
  yaw: 28.645844
  pitch: 11.999983
timestamps:
  logout: 1356713762367
  login: 1356716566309
  lastteleport: 1356718527047
ipAddress: 10.0.1.34
afk: false
