lastlocation:
  world: world
  x: 641.8272458869488
  y: 63.0
  z: 26.1475040870207
  yaw: -16.278442
  pitch: 88.95001
timestamps:
  logout: 1356718639516
  login: 1356721722186
  lastteleport: 1356718527047
ipAddress: 10.0.1.34
afk: true
