lastlocation:
  world: world
  x: 76.68078073038454
  y: 72.33950223477677
  z: 258.5829968076091
  yaw: -301.67505
  pitch: 32.550034
timestamps:
  logout: 1356650787158
  login: 1356651060008
  lastteleport: 1356651071468
ipAddress: 10.0.1.34
afk: true
