lastlocation:
  world: world
  x: 721.5556991096792
  y: 73.11439199948106
  z: 265.83031244793784
  yaw: -169.05115
  pitch: 37.199986
timestamps:
  logout: 1356726362596
  login: 1356723894696
  lastteleport: 1356725800657
ipAddress: 10.0.1.34
afk: false
