lastlocation:
  world: world
  x: -48.87565396680029
  y: 63.0
  z: 154.69999998807907
  yaw: -267.606
  pitch: 57.899998
timestamps:
  logout: 1356718639516
  login: 1356721722186
  lastteleport: 1356723324758
ipAddress: 10.0.1.34
afk: false
