lastlocation:
  world: world
  x: 553.6667894067825
  y: 63.0
  z: 129.57036779835224
  yaw: 199.32709
  pitch: 9.9
timestamps:
  logout: 1356653988373
  login: 1356658770205
  lastteleport: 1356659565817
ipAddress: 10.0.1.34
afk: true
