spawns: 
  default: 
    world: world
    x: -7.300000011920955
    y: 65.0
    z: 176.69999998807907
    yaw: -220.8059
    pitch: 9.299992
